1000.00000
999.96192
999.84770
999.65732
999.39083
999.04822
998.62953
998.13480
997.56405
996.91733
996.19470
995.39620
994.52190
993.57186
992.54615
991.44486
990.26807
989.01586
987.68834
986.28560
984.80775
983.25491
981.62718
979.92470
978.14760
976.29601
974.37006
972.36992
970.29573
968.14764
965.92583
963.63045
961.26170
958.81973
956.30476
953.71695
951.05652
948.32366
945.51858
942.64149
939.69262
936.67219
933.58043
930.41757
927.18385
923.87953
920.50485
917.06007
913.54546
909.96127
906.30779
902.58528
898.79405
894.93436
891.00652
887.01083
882.94759
878.81711
874.61971
870.35570
866.02540
861.62916
857.16730
852.64016
848.04810
843.39145
838.67057
833.88582
829.03757
824.12619
819.15204
814.11552
809.01699
803.85686
798.63551
793.35334
788.01075
782.60816
777.14596
771.62458
766.04444
760.40597
754.70958
748.95572
743.14483
737.27734
731.35370
725.37437
719.33980
713.25045
707.10678
700.90926
694.65837
688.35458
681.99836
675.59021
669.13061
662.62005
656.05903
649.44805
642.78761
636.07822
629.32039
622.51464
615.66148
608.76143
601.81502
594.82279
587.78525
580.70296
573.57644
566.40624
559.19290
551.93699
544.63904
537.29961
529.91926
522.49856
515.03807
507.53836
500.00000
492.42356
484.80962
477.15876
469.47156
461.74861
453.99050
446.19781
438.37115
430.51110
422.61826
414.69324
406.73664
398.74907
390.73113
382.68343
374.60659
366.50123
358.36795
350.20738
342.02014
333.80686
325.56815
317.30466
309.01699
300.70580
292.37170
284.01534
275.63736
267.23838
258.81905
250.38000
241.92190
233.44536
224.95105
216.43961
207.91169
199.36793
190.80900
182.23553
173.64818
165.04761
156.43447
147.80941
139.17310
130.52619
121.86934
113.20321
104.52846
95.84575
87.15574
78.45910
69.75647
61.04854
52.33596
43.61939
34.89950
26.17695
17.45241
8.72654
0.00000
-8.72654
-17.45241
-26.17695
-34.89950
-43.61939
-52.33596
-61.04854
-69.75647
-78.45910
-87.15574
-95.84575
-104.52846
-113.20321
-121.86934
-130.52619
-139.17310
-147.80941
-156.43447
-165.04761
-173.64818
-182.23553
-190.80900
-199.36793
-207.91169
-216.43961
-224.95105
-233.44536
-241.92190
-250.38000
-258.81905
-267.23838
-275.63736
-284.01534
-292.37170
-300.70580
-309.01699
-317.30466
-325.56815
-333.80686
-342.02014
-350.20738
-358.36795
-366.50123
-374.60659
-382.68343
-390.73113
-398.74907
-406.73664
-414.69324
-422.61826
-430.51110
-438.37115
-446.19781
-453.99050
-461.74861
-469.47156
-477.15876
-484.80962
-492.42356
-500.00000
-507.53836
-515.03807
-522.49856
-529.91926
-537.29961
-544.63904
-551.93699
-559.19290
-566.40624
-573.57644
-580.70296
-587.78525
-594.82279
-601.81502
-608.76143
-615.66148
-622.51464
-629.32039
-636.07822
-642.78761
-649.44805
-656.05903
-662.62005
-669.13061
-675.59021
-681.99836
-688.35458
-694.65837
-700.90926
-707.10678
-713.25045
-719.33980
-725.37437
-731.35370
-737.27734
-743.14483
-748.95572
-754.70958
-760.40597
-766.04444
-771.62458
-777.14596
-782.60816
-788.01075
-793.35334
-798.63551
-803.85686
-809.01699
-814.11552
-819.15204
-824.12619
-829.03757
-833.88582
-838.67057
-843.39145
-848.04810
-852.64016
-857.16730
-861.62916
-866.02540
-870.35570
-874.61971
-878.81711
-882.94759
-887.01083
-891.00652
-894.93436
-898.79405
-902.58528
-906.30779
-909.96127
-913.54546
-917.06007
-920.50485
-923.87953
-927.18385
-930.41757
-933.58043
-936.67219
-939.69262
-942.64149
-945.51858
-948.32366
-951.05652
-953.71695
-956.30476
-958.81973
-961.26170
-963.63045
-965.92583
-968.14764
-970.29573
-972.36992
-974.37006
-976.29601
-978.14760
-979.92470
-981.62718
-983.25491
-984.80775
-986.28560
-987.68834
-989.01586
-990.26807
-991.44486
-992.54615
-993.57186
-994.52190
-995.39620
-996.19470
-996.91733
-997.56405
-998.13480
-998.62953
-999.04822
-999.39083
-999.65732
-999.84770
-999.96192
-1000.00000
-999.96192
-999.84770
-999.65732
-999.39083
-999.04822
-998.62953
-998.13480
-997.56405
-996.91733
-996.19470
-995.39620
-994.52190
-993.57186
-992.54615
-991.44486
-990.26807
-989.01586
-987.68834
-986.28560
-984.80775
-983.25491
-981.62718
-979.92470
-978.14760
-976.29601
-974.37006
-972.36992
-970.29573
-968.14764
-965.92583
-963.63045
-961.26170
-958.81973
-956.30476
-953.71695
-951.05652
-948.32366
-945.51858
-942.64149
-939.69262
-936.67219
-933.58043
-930.41757
-927.18385
-923.87953
-920.50485
-917.06007
-913.54546
-909.96127
-906.30779
-902.58528
-898.79405
-894.93436
-891.00652
-887.01083
-882.94759
-878.81711
-874.61971
-870.35570
-866.02540
-861.62916
-857.16730
-852.64016
-848.04810
-843.39145
-838.67057
-833.88582
-829.03757
-824.12619
-819.15204
-814.11552
-809.01699
-803.85686
-798.63551
-793.35334
-788.01075
-782.60816
-777.14596
-771.62458
-766.04444
-760.40597
-754.70958
-748.95572
-743.14483
-737.27734
-731.35370
-725.37437
-719.33980
-713.25045
-707.10678
-700.90926
-694.65837
-688.35458
-681.99836
-675.59021
-669.13061
-662.62005
-656.05903
-649.44805
-642.78761
-636.07822
-629.32039
-622.51464
-615.66148
-608.76143
-601.81502
-594.82279
-587.78525
-580.70296
-573.57644
-566.40624
-559.19290
-551.93699
-544.63904
-537.29961
-529.91926
-522.49856
-515.03807
-507.53836
-500.00000
-492.42356
-484.80962
-477.15876
-469.47156
-461.74861
-453.99050
-446.19781
-438.37115
-430.51110
-422.61826
-414.69324
-406.73664
-398.74907
-390.73113
-382.68343
-374.60659
-366.50123
-358.36795
-350.20738
-342.02014
-333.80686
-325.56815
-317.30466
-309.01699
-300.70580
-292.37170
-284.01534
-275.63736
-267.23838
-258.81905
-250.38000
-241.92190
-233.44536
-224.95105
-216.43961
-207.91169
-199.36793
-190.80900
-182.23553
-173.64818
-165.04761
-156.43447
-147.80941
-139.17310
-130.52619
-121.86934
-113.20321
-104.52846
-95.84575
-87.15574
-78.45910
-69.75647
-61.04854
-52.33596
-43.61939
-34.89950
-26.17695
-17.45241
-8.72654
0.00000
8.72654
17.45241
26.17695
34.89950
43.61939
52.33596
61.04854
69.75647
78.45910
87.15574
95.84575
104.52846
113.20321
121.86934
130.52619
139.17310
147.80941
156.43447
165.04761
173.64818
182.23553
190.80900
199.36793
207.91169
216.43961
224.95105
233.44536
241.92190
250.38000
258.81905
267.23838
275.63736
284.01534
292.37170
300.70580
309.01699
317.30466
325.56815
333.80686
342.02014
350.20738
358.36795
366.50123
374.60659
382.68343
390.73113
398.74907
406.73664
414.69324
422.61826
430.51110
438.37115
446.19781
453.99050
461.74861
469.47156
477.15876
484.80962
492.42356
500.00000
507.53836
515.03807
522.49856
529.91926
537.29961
544.63904
551.93699
559.19290
566.40624
573.57644
580.70296
587.78525
594.82279
601.81502
608.76143
615.66148
622.51464
629.32039
636.07822
642.78761
649.44805
656.05903
662.62005
669.13061
675.59021
681.99836
688.35458
694.65837
700.90926
707.10678
713.25045
719.33980
725.37437
731.35370
737.27734
743.14483
748.95572
754.70958
760.40597
766.04444
771.62458
777.14596
782.60816
788.01075
793.35334
798.63551
803.85686
809.01699
814.11552
819.15204
824.12619
829.03757
833.88582
838.67057
843.39145
848.04810
852.64016
857.16730
861.62916
866.02540
870.35570
874.61971
878.81711
882.94759
887.01083
891.00652
894.93436
898.79405
902.58528
906.30779
909.96127
913.54546
917.06007
920.50485
923.87953
927.18385
930.41757
933.58043
936.67219
939.69262
942.64149
945.51858
948.32366
951.05652
953.71695
956.30476
958.81973
961.26170
963.63045
965.92583
968.14764
970.29573
972.36992
974.37006
976.29601
978.14760
979.92470
981.62718
983.25491
984.80775
986.28560
987.68834
989.01586
990.26807
991.44486
992.54615
993.57186
994.52190
995.39620
996.19470
996.91733
997.56405
998.13480
998.62953
999.04822
999.39083
999.65732
999.84770
999.96192